m vv in vv

Her. 15 42 (9) 121), (
Her. 610 50 (8) 91),, (
Her. 1114 53 (6) 101), (
Am. I 32 (12) 81), (41

ΙΙ 40 (10) 6 (69

111 29 (15) 61), A
30330320111130 25 (2)5
ArsA. 1 30 (13)8

11 411), (9)

111 8111, (5)
Rem.Am. 53 (57)
Met. 1 654),(14)

11 581), (15) 61(,,

III 1041,) (1) 1

IV 134 (6) 61,( 8)4

V 84), (8) 6),, 112) 411),, (138
VI 144 (5) 11,96))( 5), (134
VII 96 (9) 61,) 130)51,,(154Ξ1,,
VIII 1261), )(1) 11,), (123) 51),, (1141

111 114 (1) 7),, (111)51(),,1461

Χ 14 (10) 63„ (110 4), (

x! 3334 (11) 11.), (113 41),, (185) 1111Ιί

111(
1
(

29
05
2

714003
A
(
(
A
(

)
4364), (63 64), (97A3²¹02
44441119) 161314)
666 (13 63, ((363 180
133 (5) 34), (4433 (4643314111
Fast. 1 121), (5) 61), (54) 5 (12)
3 4134( 33 ((33313144
1v 113¹⁷ (43 63, (6ο) 63, (33)( (3(433
¹3 34 3 ((44 3 ,3343 333³}
3331 944) (040 (911) 16441) 941)
11 4434), (43 34), ((333 6311333 34),
111 33 (63 33, (433 63, (633 3)434),0
3 3² (6361116121) 3: 3333 ,6 3
466 4664), (33 3333 (4,) (4331463, (34) 634),
ax Ponto 1 541,) (1)) 11), (51) 61), (50) 12 (32) 291),
3 3 3 3, 33 3 33 33: 33 3:
333 4ο (433)( ,(643 6 (34) 64),(43)13
44666663 1 464), 36 (,(363 34), (433 334), (43 464),4

4)
41),
51

151,
l
l 3119

(
(25)18 )251,)

 

(333 33 , ·

